#Transition #Interation #MFPT(s)
1.0 17.0 9.884707820725532e-08
2.0 17.0 9.884707820725532e-08
3.0 17.0 9.884707820725532e-08
4.0 17.0 9.884707820725532e-08
5.0 18.0 9.115486957085492e-08
6.0 18.0 8.621724607229883e-08
7.0 18.0 8.277927300404992e-08
8.0 20.0 8.98335548873667e-08
9.0 34.0 8.766819356526955e-08
10.0 50.0 1.0509784073725473e-07
11.0 50.0 1.1032244259291712e-07
12.0 60.0 1.1903244330859517e-07
13.0 94.0 1.461878069703151e-07
14.0 95.0 1.5201467304696113e-07
15.0 96.0 1.7349653944176818e-07
16.0 110.0 1.8136340039719183e-07
17.0 116.0 1.8543163925085752e-07
18.0 117.0 1.8643198920517176e-07
19.0 117.0 1.874258691024086e-07
20.0 136.0 1.946801500806506e-07
21.0 136.0 2.0169101004013482e-07
22.0 136.0 2.084704989796591e-07
23.0 136.0 2.1502988446548827e-07
24.0 136.0 2.2596532431412678e-07
25.0 136.0 2.3630080327386467e-07
26.0 137.0 2.880212200391588e-07
27.0 137.0 3.2714381516050536e-07
28.0 137.0 3.5777166385712344e-07
29.0 137.0 3.8240052712191466e-07
30.0 146.0 3.8781708595874045e-07
31.0 154.0 3.855503734055947e-07
32.0 154.0 3.8331719150552943e-07
33.0 154.0 3.811168017109724e-07
34.0 154.0 3.7894848700597254e-07
35.0 159.0 3.7869117469448955e-07
36.0 159.0 3.784342772310501e-07
37.0 159.0 3.781777936132131e-07
38.0 159.0 3.7792172284176476e-07
39.0 159.0 3.863422906858117e-07
40.0 161.0 3.8276562531194613e-07
41.0 181.0 3.815266832370531e-07
42.0 199.0 3.884576605657514e-07
43.0 202.0 3.9250971891126504e-07
44.0 202.0 3.965011632390386e-07
45.0 202.0 4.004333450844074e-07
46.0 202.0 4.0430759839613367e-07
47.0 205.0 4.047836989536762e-07
48.0 205.0 4.0525898946194234e-07
49.0 205.0 4.0573347198653166e-07
50.0 205.0 4.0620714858602685e-07
51.0 207.0 4.072791120487914e-07
52.0 207.0 4.0834623413077995e-07
53.0 207.0 4.09408547558024e-07
54.0 219.0 4.57731233426306e-07
55.0 227.0 4.5978542771722155e-07
56.0 227.0 4.6182411687991285e-07
57.0 227.0 4.6384747580419385e-07
58.0 227.0 4.6585567675950866e-07
59.0 228.0 4.673852684332603e-07
60.0 230.0 4.676747558058804e-07
61.0 233.0 4.7323588029721407e-07
62.0 242.0 4.785185165746418e-07
63.0 245.0 4.79751475550052e-07
64.0 246.0 4.800588695534502e-07
65.0 246.0 4.803659261546667e-07
66.0 246.0 4.806726459089064e-07
67.0 246.0 4.809790293701568e-07
68.0 251.0 4.935221667751069e-07
69.0 251.0 5.049343860894316e-07
70.0 251.0 5.159204959962664e-07
71.0 253.0 5.298686248282587e-07
72.0 256.0 5.478667078297165e-07
73.0 257.0 5.771708157810178e-07
74.0 263.0 5.899281143632829e-07
75.0 263.0 6.020885785479661e-07
76.0 263.0 6.136931342372673e-07
77.0 264.0 6.165118599032545e-07
78.0 264.0 6.192987354732787e-07
79.0 264.0 6.220542977481921e-07
80.0 265.0 6.227383587792795e-07
81.0 265.0 6.234205036677492e-07
82.0 265.0 6.241007404533823e-07
83.0 265.0 6.247790771310453e-07
84.0 274.0 6.686414042371848e-07
85.0 276.0 6.804126704618899e-07
86.0 276.0 6.917963686312291e-07
87.0 276.0 7.028113297146978e-07
88.0 276.0 7.134751841913391e-07
89.0 315.0 7.850008962082898e-07
90.0 327.0 7.872219304037804e-07
91.0 327.0 7.89425342507404e-07
92.0 327.0 7.916113414158024e-07
93.0 327.0 7.937801327368625e-07
94.0 339.0 8.102826146629037e-07
95.0 357.0 8.441998153648397e-07
96.0 363.0 8.422363538479266e-07
97.0 380.0 8.750510369415398e-07
98.0 405.0 8.807005611908398e-07
99.0 419.0 8.916592392130299e-07
100.0 420.0 8.943671092537534e-07
101.0 420.0 8.970624353491542e-07
102.0 420.0 8.997453044607274e-07
103.0 421.0 9.004140860277399e-07
104.0 421.0 9.010820957599041e-07
105.0 421.0 9.017493349926012e-07
106.0 421.0 9.024158050581333e-07
107.0 423.0 9.145716992469809e-07
108.0 431.0 9.147646258138105e-07
109.0 431.0 9.149574662682469e-07
110.0 431.0 9.151502206679313e-07
111.0 431.0 9.153428890704536e-07
112.0 439.0 9.75552119330966e-07
113.0 441.0 9.84860381260556e-07
114.0 452.0 9.911398820421689e-07
115.0 455.0 9.756809016181518e-07
116.0 457.0 9.72488903143533e-07
117.0 457.0 9.693202268577012e-07
118.0 458.0 9.723634957786378e-07
119.0 458.0 9.75386965826197e-07
120.0 458.0 9.78390829597267e-07
121.0 458.0 9.813752771796337e-07
122.0 515.0 1.0212825591967416e-06
123.0 520.0 1.0150322319219015e-06
124.0 520.0 1.0066896039532756e-06
125.0 523.0 1.0659003987655308e-06
126.0 543.0 1.0383877950558247e-06
127.0 543.0 1.0422718774101826e-06
128.0 543.0 1.0461291331737895e-06
129.0 543.0 1.049959839319105e-06
130.0 543.0 1.0537642690188453e-06
131.0 550.0 1.027948480464459e-06
132.0 553.0 1.0205667450268454e-06
133.0 555.0 1.0091204964440914e-06
134.0 583.0 1.0078689978988504e-06
135.0 583.0 1.0066209995006664e-06
136.0 583.0 1.0053764865864121e-06
137.0 583.0 1.0041354445747498e-06
138.0 588.0 9.924880349011512e-07
139.0 592.0 1.001977290116984e-06
140.0 603.0 1.0031579254966043e-06
141.0 609.0 1.0029719186608182e-06
142.0 609.0 1.0027863645220995e-06
143.0 609.0 1.0026012614315103e-06
144.0 610.0 1.0025550562465223e-06
145.0 610.0 1.002508879123483e-06
146.0 610.0 1.0024627300368358e-06
147.0 610.0 1.002416608961055e-06
148.0 654.0 1.0062757146659881e-06
149.0 654.0 1.0101167337984623e-06
150.0 655.0 1.0120305017606214e-06
151.0 655.0 1.0129857069472008e-06
152.0 655.0 1.013939795553999e-06
153.0 655.0 1.014892769537698e-06
154.0 655.0 1.0158446308504113e-06
155.0 656.0 1.0163201451563306e-06
156.0 656.0 1.0167953820243115e-06
157.0 656.0 1.0172703416970896e-06
158.0 656.0 1.0177450244171166e-06
159.0 660.0 1.0743402381856528e-06
160.0 692.0 1.1184446500721657e-06
161.0 694.0 1.1580822827841933e-06
162.0 717.0 1.1816710840607858e-06
163.0 726.0 1.1865375547411967e-06
164.0 726.0 1.1913763604686838e-06
165.0 727.0 1.3072121142913677e-06
166.0 727.0 1.30826140406529e-06
167.0 727.0 1.3093093025685213e-06
168.0 727.0 1.3103558125662921e-06
169.0 727.0 1.3114009368165091e-06
170.0 727.0 1.3219293019198984e-06
171.0 739.0 1.327348025361688e-06
172.0 739.0 1.3327314765820078e-06
173.0 742.0 1.2786860673226318e-06
174.0 746.0 1.2742097653069838e-06
175.0 746.0 1.2697649779645404e-06
176.0 747.0 1.2653513771667144e-06
177.0 747.0 1.264252810890031e-06
178.0 747.0 1.2631561680263502e-06
179.0 747.0 1.26206144352871e-06
180.0 747.0 1.26096863236779e-06
181.0 754.0 1.2194902079060208e-06
182.0 782.0 1.2252267882769138e-06
183.0 796.0 1.2238942140870704e-06
184.0 797.0 1.2355625894560006e-06
185.0 797.0 1.247098926611976e-06
186.0 797.0 1.2585054424804034e-06
187.0 806.0 1.2699591905971632e-06
188.0 806.0 1.2812861607724514e-06
189.0 806.0 1.2924884462432144e-06
190.0 814.0 1.2835522084914273e-06
191.0 822.0 1.2975410495312063e-06
192.0 852.0 1.2812477772579053e-06
193.0 866.0 1.2740214003796898e-06
194.0 868.0 1.2735736450135728e-06
195.0 868.0 1.2731262622681299e-06
196.0 869.0 1.2726792520951707e-06
197.0 869.0 1.2725675576467967e-06
198.0 869.0 1.2724558864218742e-06
199.0 869.0 1.272344238413161e-06
200.0 870.0 1.2723163300637054e-06
201.0 870.0 1.272288423164696e-06
202.0 870.0 1.2722605177160197e-06
203.0 870.0 1.2722326137175634e-06
204.0 873.0 1.2706731048473392e-06
205.0 873.0 1.2691177462693917e-06
206.0 873.0 1.2675665214380928e-06
207.0 873.0 1.266019413895645e-06
208.0 886.0 1.2638435097741308e-06
209.0 886.0 1.2616770345561087e-06
210.0 886.0 1.2595199272663789e-06
211.0 887.0 1.2589821075650666e-06
212.0 887.0 1.2584448686181359e-06
213.0 887.0 1.2579082094854188e-06
214.0 887.0 1.2573721292287769e-06
215.0 896.0 1.2598419487151195e-06
216.0 896.0 1.2623069955546455e-06
217.0 899.0 1.3386625437153652e-06
218.0 906.0 1.376710326497464e-06
219.0 913.0 1.399527136986499e-06
220.0 914.0 1.3909257570526633e-06
221.0 918.0 1.3955854633629273e-06
222.0 922.0 1.397214441667461e-06
223.0 922.0 1.3988412822318402e-06
224.0 923.0 1.3996539025046993e-06
225.0 923.0 1.4004659899184441e-06
226.0 923.0 1.4008718339669082e-06
227.0 923.0 1.40127754499702e-06
228.0 923.0 1.4016831230741647e-06
229.0 923.0 1.4020885682636855e-06
230.0 926.0 1.381318287349749e-06
231.0 939.0 1.378271368586987e-06
232.0 939.0 1.375239663815791e-06
233.0 941.0 1.3603502494940993e-06
234.0 971.0 1.3704514395383828e-06
235.0 972.0 1.3729690643193514e-06
236.0 972.0 1.3754821220509786e-06
237.0 972.0 1.3779906251491563e-06
238.0 973.0 1.3786170409398777e-06
239.0 973.0 1.379243173032165e-06
240.0 973.0 1.3798690216187017e-06
241.0 973.0 1.3804945868919969e-06
242.0 980.0 1.4252653985277892e-06
243.0 984.0 1.434718105888637e-06
244.0 984.0 1.4441037147141972e-06
245.0 984.0 1.4534229369101686e-06
246.0 984.0 1.4626764743467873e-06
247.0 987.0 1.4723726007352102e-06
248.0 988.0 1.4747868136434907e-06
249.0 988.0 1.4771967239641267e-06
250.0 988.0 1.4796023431889255e-06
251.0 988.0 1.4820036827688056e-06
252.0 992.0 1.4853407411531178e-06
253.0 992.0 1.4886697980133786e-06
