#! FIELDS time cosphi sigma_cosphi height logweight
#! SET action OPES_METAD_kernels
#! SET biasfactor       8.018157502536054
#! SET epsilon   0.0001050950853490108
#! SET kernel_cutoff       4.280337613515949
#! SET compression_threshold                       1
                     10     -0.297919407577845     0.1288166412349498  0.0003110893132736641     -8.018157502536054
                     11     0.1841072236922117     0.1251606220019446   0.002119934981737883      -6.12788897524315
                     12    -0.4753554620209844     0.1155284713501638     0.1392753582440645     -2.022902310017176
                     13    -0.4605247133110172     0.1034135046943192      2.389087890409535     0.7085302132383353
                     14    0.00627453886364171     0.1018420916304955   0.002405189807800188     -6.207819967865495
                     15   -0.04940925050578371    0.09978983074680253   0.009852424917138386     -4.818088391740298
                     16    -0.4369363700824461    0.09086414157586183      3.498358862866469     0.9605423995206109
                     17    -0.3232538847279148    0.08493327741096904      1.871860016893016     0.2676815706360025
                     18    -0.1509269166347207    0.08260500219892464     0.2104120382931196     -1.945734349456808
                     19    -0.1099883684862101    0.08007204919284057     0.2414951627734524     -1.839095995665387
                     20    -0.2611853373765606    0.07570115735794911      1.402132193304762     -0.136329481597016
                     21     -0.437786057400293    0.07132870672808593      3.308359109041225     0.6626341903932008
                     22    -0.3780263400813053    0.06770661720286997      3.576681857291918     0.6885024293534391
                     23   -0.07986297426871614    0.06631913152603583     0.2364806891983568     -2.048527315211156
                     24    -0.1622308223707921     0.0646835538459614     0.6569646453500543     -1.051735099872385
                     25    -0.3972070350514235     0.0620145818447911      4.112409457118328     0.7402616438541753
                     26    -0.3297027605161085    0.05959831963215063       3.30054013011311     0.4805965065274783
                     27    -0.2618261981286044    0.05759479982668559      2.035842684300545   -0.03677489242614584
                     28    -0.3665799077138018     0.0556400590857626       4.29561091985937     0.6753802101605689
                     29    -0.1823231771706803    0.05478322528433355     0.9277936091386066    -0.8726789396593757
                     30    -0.4207042180226529    0.05314536711753838      4.266085970880194     0.6226107033030521
                     31     0.1964198428742321    0.05288107800606732   0.001737036738394996     -7.188646064156665
                     32     0.2042096498375082    0.05408393487199215    0.00241522777516681     -6.836541494116925
                     33    -0.4970941919348504    0.05383892941636269      2.468273394643362    0.08839867236828659
                     34     0.2404016355527182    0.05410522111604826   0.002930056666933234     -6.642919830005379
                     35    0.00316696765047525    0.05433540165022956    0.06385151887044614     -3.557135934011974
                     36   -0.04456161533430592    0.05414215825213654     0.2243252505148092     -2.304162125303121
                     37    -0.3176703764154555     0.0532992263865737      3.905120103810252     0.5370933520536307
                     38     0.1187178600390664    0.05296213471525279    0.00708686163052404     -5.781052468794054
                     39  -0.007147064584172469    0.05281595166780736     0.1768089121117488     -2.566989466097656
                     40    -0.4999947052252726    0.05228658142866079      3.299379804630748     0.3493572778030882
                     41    -0.2505968613643351    0.05151846254202263      2.725108643827562     0.1433315320761399
                     42    -0.1477358642553146    0.05104679357734281     0.9523392120685299    -0.9172082632002378
                     43    -0.4737618655698693    0.05045558349100532      4.581114049638364     0.6419186213328372
                     44     -0.303351052131942    0.04969856218603035      4.884363508861754     0.6908979808924312
                     45    -0.3961659035320595    0.04926132292902246       6.79025390084126      1.011510578676685
                     46    0.07273439742312471    0.04932561686480874    0.04272922272069805     -4.055545665940199
                     47   -0.07060511383509771    0.04954601124390638     0.4413372087997137     -1.716161295932122
                     48     -0.438841065354356    0.04958855559704949      6.720236207369109      1.007766373074894
                     49    -0.2668600787930049    0.04912056424180487       3.62921314613381     0.3821766274840923
                     50    -0.3443960420258571    0.04863060515973698      6.138368815553155      0.897695106221765
                     51    0.03820008974406469    0.04851374620891993    0.09669450845620776     -3.255468486778764
                     52      0.207858488740736    0.04848178361392036   0.004657704032633014     -6.289161521244752
                     53    0.02749058481691535    0.04820510670189034     0.1400003056871116     -2.891762713205203
                     54   -0.07275583819904319    0.04780207226202501     0.4695468240948629     -1.690035266081326
                     55    -0.1021386167243522    0.04751622582607965     0.6535961632479981     -1.365311360514604
                     56    -0.2007652188586212    0.04704559921913121      1.809377487908487    -0.3570168196119605
                     57     0.1110952305043295    0.04689956748908938    0.03673744808443113     -4.257067210884427
                     58   0.002411495141275533    0.04673040154033016     0.3000705815765154     -2.160459614552673
                     59    -0.1845470589074714    0.04622499898153656      1.963728272422328    -0.2927514024886801
                     60    -0.3111946200622857    0.04574980314782916      6.454090925576808      0.886784666789069
                     61     0.3073077700527796    0.04553422410073392   0.002919314442354422      -6.81905925295761
                     62    -0.1822898493372049    0.04526829680894019      2.362751647214229    -0.1286831740856465
                     63     0.0252251421780359    0.04547334830381655     0.2743584905527874     -2.277310269221902
                     64     0.1436542546271529    0.04577075680958161    0.03005761851344417     -4.482110736571505
                     65    -0.4989347539342284     0.0455536074052458      5.036809175001929      0.634545594639518
                     66    -0.4759720877677581    0.04539680148117421        7.0425588869803     0.9662962290751105
                     67    -0.2202340374659423     0.0450492873397946      3.490639849250267     0.2567252179910448
                     68     -0.413333017626093     0.0447929293231942      8.728171395128882      1.167489181158476
                     69    -0.3693006289360535    0.04443056870594628      8.324214205486932      1.111979354664122
                     70    -0.1884284677169079    0.04405940248728903      2.722673141205619   -0.01396405377991403
                     71     -0.238998627622671    0.04355246305411596      4.236149837655572      0.416504054252678
                     72    -0.2887149833859357    0.04307541969297974      6.102651138390724     0.7705588113618375
                     73    -0.2441825744758307    0.04267769068349123      5.104657185122696     0.5827126099412963
                     74    -0.4024395132042067    0.04235679421972417      8.644402355240508      1.101923819427749
                     75    -0.4758177042325265    0.04194829420599563       6.97286442949783     0.8773468714538238
                     76    -0.3957363225826461    0.04159423848989681      9.220939572937748      1.148321594245674
                     77     -0.298720137242292    0.04121440427529578      6.480162076525412     0.7864163315207272
                     78    -0.3973617152499458     0.0410300494933728      9.502597746893668      1.164752917068471
                     79    -0.1717715550232183     0.0406662522555202      2.656091711292632    -0.1188626774784023
                     80    -0.3340749564929619     0.0408676225526115      7.747302291251759     0.9565658123081721
                     81    0.01270269263106116    0.04072522722201395     0.2162708870543129     -2.625492820329981
                     82     0.1772312978858673     0.0408458772094079    0.01267099428439457      -5.45975092506252
                     83    -0.1662761839310753    0.04078684200619451      2.575361354455767    -0.1467676182805229
                     84    -0.2863509712658332    0.04059776340960767      6.527340586246372     0.7785955721545139
                     85    -0.1312780415325416    0.04056377089000035      1.693852529450208    -0.5712361404971077
                     86    0.04922657165081668     0.0405462272760552     0.1726002386889771     -2.855451383938902
                     87    -0.4868251404411748     0.0405358016222964      6.413966634765292     0.7595464696897851
                     88    -0.2935977210099122    0.04044744205294547         7.296045517818     0.8862188918105134
                     89     -0.325075049029516    0.04031773270645959      8.478904920211647      1.033255690474977
                     90   -0.05714693867476961    0.04025660867562075      0.435127311097336     -1.937959444363838
                     91    -0.3610332107217007    0.04003268400670139      9.283965392210513      1.116867977435408
                     92    -0.4315550377088442    0.03986004603401615      7.763220696285433     0.9336547520224294
                     93   -0.08699141026503521    0.03985546244706148     0.6407496152345281     -1.560974047105437
                     94   -0.03417733411810686    0.03988292991298888     0.3178609960726826     -2.261309704336139
                     95    -0.2695358863373801     0.0397117955163848       5.40741860540075     0.5683030824824243
                     96    -0.2099398749171619    0.03967599555087641      3.315249555633414    0.07816225635998375
                     97    -0.4713438874809104     0.0396745755116221      6.247858380108656     0.7118323091341021
                     98    0.04506127402689758    0.03975938224032494     0.1521545828791935     -3.001129441769535
                     99    -0.1400877593571567     0.0398285336646934      1.645058907422457    -0.6187572286962578
                    100    -0.3828097939693136    0.03961674374997481      7.953012889590426     0.9516856836338998
                    101    -0.2177821244140569    0.03956971993041902      4.272954966198501     0.3292527910735115
                    102    -0.3987315647594548    0.03940632694261182      10.18328856352011      1.193557382344752
                    103    -0.4575636151441641    0.03931300831140632      8.905502780080326      1.057107836043456
                    104   -0.07264040950510564    0.03931586214829864     0.5918916402014136     -1.653920650529308
                    105     0.2422965937920533    0.03950540129499201   0.005171186915699626     -6.389332639027559
