#Using WEST data from '/home/dray@iit.local/enhanced_sampling_path_sampling/static_bias/chignolin/hlda/westpa_mab/west.h5'
# successful (recycled) segments
# column 0:    iteration
# column 1:    seg_id
# column 2:    weight
# column>2:    final progress coordinate value
      60          40     2.3340629425554e-13            1.8042
      60          42     1.1670314712777e-13            1.8046
      60          45     5.8351573563886e-14            1.8036
      62          36     5.8351573563886e-14            1.8017
      62          39     5.8351573563886e-14            1.8064
      62          40     5.8351573563886e-14            1.8137
      63          47     1.4587893390972e-14             1.801
      66          44     2.2434234982862e-10            1.8135
      66          47     2.2434234982862e-10            1.8055
      68          44     1.4021396864289e-11            1.8247
      70          39     8.7633730401805e-13            1.8257
      71          40     2.1908432600451e-13             1.824
      71          41     2.1908432600451e-13            1.8177
      71          42     2.1908432600451e-13            1.8036
      80          47     1.9684629818776e-10            1.8267
      81          46      4.921157454694e-11            1.8134
      85          44     2.3067925568878e-12            1.8039
      85          45     2.3067925568878e-12            1.8049
      85          47     2.3067925568878e-12            1.8193
      86          45     5.7669813922195e-13            1.8192
      86          46     5.7669813922195e-13            1.8464
      87          43     1.7300944176659e-12            1.8456
      87          44     1.4417453480549e-13            1.8373
      87          45     1.4417453480549e-13            1.8287
      87          46     1.4417453480549e-13            1.8203
      87          47     1.4417453480549e-13            1.8146
      88          43     8.1560068106594e-09            1.8031
      90          44     5.0975042566621e-10            1.8189
      92          46     3.1859401604138e-11              1.82
      93          47     7.9648504010346e-12            1.8228
      96          39     6.4086523320968e-08            1.8066
      97          41     1.6021630830242e-08            1.8146
      97          42     1.6021630830242e-08            1.8233
      98          41     4.0054077075605e-09            1.8016
     100          40     1.0013519268901e-09            1.8248
     100          43     5.0067596344506e-10             1.805
     100          44     2.5033798172253e-10            1.8062
     100          45     2.5033798172253e-10            1.8129
     100          47     2.5033798172253e-10            1.8432
     102          47     6.2584495430633e-11            1.8045
     103          47     5.2484303199356e-09             1.808
     107          43     7.3341205582773e-13            1.8118
     109          42     4.5838253489233e-14             1.806
     109          44     1.9495298510673e-09            1.8076
     109          46     1.9495298510673e-09            1.8021
     110          47     1.1459563372308e-14            1.8177
     111          40     4.1589970156103e-08            1.8233
     111          45     2.8648908430771e-15            1.8133
     111          46     2.8648908430771e-15             1.802
     112          45     7.1622271076927e-16            1.8174
     112          46     7.1622271076927e-16             1.803
     112          48     9.7479930422377e-10            1.8075
     113          46     1.7905567769232e-16            1.8041
     113          47     1.7905567769232e-16            1.8158
     114          43     6.0655337419714e-09            1.8116
     115          46      1.119097985577e-17            1.8156
     115          50     1.3910729278151e-09            1.8047
     117          41     7.7173760252514e-10            1.8294
     120          45     1.2058400039455e-11            1.8107
     120          47     1.2058400039455e-11            1.8164
     121          44     3.0146000098638e-12            1.8314
     121          45     3.0146000098638e-12            1.8333
     121          46     3.0146000098638e-12            1.8311
     122          44     7.5365000246596e-13            1.8146
     122          45     7.5365000246596e-13            1.8185
     122          47     7.5365000246596e-13            1.8311
     123          47     1.8841250061649e-13            1.8007
     123          50     6.2986040770296e-10             1.811
     123          51     6.2986040770296e-10            1.8128
     124          44     4.7103125154122e-14            1.8017
     124          45     4.7103125154122e-14            1.8136
     124          46     4.7103125154122e-14            1.8059
     124          47     4.7103125154122e-14            1.8027
     126          47     2.3305256178935e-09            1.8162
     127          45     5.8263140447338e-10            1.8308
     128          42     1.4565785111835e-10            1.8086
     129          44     3.6414462779586e-11            1.8157
     129          45     3.6414462779586e-11             1.832
     129          46     3.6414462779586e-11             1.824
     129          47     3.6414462779586e-11            1.8039
     130          44     1.4828709716728e-09            1.8043
     130          47     1.4828709716728e-09            1.8021
     131          40     1.4218046389791e-06            1.8041
     131          45     3.7071774291821e-10            1.8146
     131          51     4.4502224616439e-08            1.8188
     132          36     9.2679435729551e-11            1.8189
     132          39     9.2679435729551e-11            1.8017
     134          46      5.792464733097e-12            1.8161
     134          48     3.8034606671111e-08            1.8216
     136          47     3.6202904581856e-13            1.8296
     136          48     2.3771629169444e-09             1.816
     136          51     2.3771629169444e-09            1.8283
     137          44     5.9429072923611e-10            1.8042
     137          50      3.328136692436e-08            1.8051
     138          40     1.4857268230903e-10            1.8253
     138          42     1.4857268230903e-10            1.8056
     138          43     1.4857268230903e-10            1.8015
     140          44     9.2857926443142e-12            1.8076
     140          45     9.2857926443142e-12            1.8225
     140          46     9.2857926443142e-12            1.8392
     140          47     9.2857926443142e-12            1.8183
     142          37     8.2306803833786e-10            1.8132
     142          46     1.3169088613406e-08            1.8021
     142          47     1.3169088613406e-08            1.8082
     143          40     2.6338177226811e-08            1.8212
     144          36       3.67411228212e-08            1.8023
     145          43     8.2775429962772e-10            1.8266
     146          40     2.0693857490693e-10            1.8129
     147          43     5.1734643726733e-11            1.8129
     148          38     1.2933660931683e-11            1.8164
     148          41     8.3374745092229e-09            1.8091
     149          38     3.2334152329208e-12            1.8014
     149          41     2.0843686273057e-09            1.8216
     149          43     2.0843686273057e-09            1.8003
     150          40     5.2109215682643e-10            1.8264
     150          42     5.2109215682643e-10             1.819
     151          46     1.3027303920661e-10            1.8114
     152          41     3.2568259801652e-11            1.8043
     153          48     6.1173688651568e-08            1.8021
     153          49     6.1173688651568e-08            1.8045
     153          50     6.1173688651568e-08            1.8106
     155          45     5.0887905940081e-13            1.8033
     157          47     2.3895972129519e-10            1.8167
     158          45     6.1890567815454e-08             1.809
     158          47     6.1890567815454e-08            1.8206
     159          40     1.5472641953863e-08            1.8258
     160          45     3.8681604884659e-09            1.8059
     160          46     3.8681604884659e-09            1.8122
     161          44     9.6704012211647e-10             1.826
     161          45     9.6704012211647e-10            1.8102
     162          45     2.4176003052912e-10            1.8091
     162          47     2.4176003052912e-10            1.8036
     163          44     6.0440007632279e-11            1.8081
     163          45     6.0440007632279e-11            1.8207
     164          40     5.9842994925043e-07            1.8013
     164          44     7.4773523652488e-08            1.8128
     164          47     7.4773523652488e-08            1.8107
     166          40     4.6733452282805e-09            1.8198
     166          47      7.681209376517e-07            1.8028
     167          40     1.1683363070701e-09            1.8015
     168          42     4.8007558603231e-08            1.8086
     168          43     4.8007558603231e-08             1.814
     169          44     1.2001889650808e-08             1.808
     173          42     4.6882381448468e-11            1.8134
     176          40     1.7580893043176e-11            1.8038
     176          44     7.3253721013232e-13            1.8329
     176          45     7.3253721013232e-13            1.8187
     177          41     2.1976116303969e-12            1.8077
     178          47     5.4940290759924e-13            1.8125
     179          41     1.6482087227977e-12               1.8
     181          44     8.5844204312381e-15            1.8007
     181          45     8.5844204312381e-15            1.8065
     182          46     2.1461051078095e-15            1.8153
     183          44     5.3652627695238e-16            1.8055
     183          45     5.3652627695238e-16            1.8135
     183          46     5.3652627695238e-16            1.8084
     183          47     5.3652627695238e-16            1.8085
     186          44     2.0853074733496e-05            1.8439
     186          45     2.0853074733496e-05             1.807
     191          37     2.9922004986311e-05            1.8096
     192          39     1.6291464635544e-07            1.8624
     198          41     4.2153493356581e-06            1.8267
     199          46     1.0538373339145e-06            1.8062
     202          43     3.7602331251505e-06             1.804
     203          34     9.4005828128761e-07            1.8083
     204          36      2.350145703219e-07            1.8191
     204          38      2.350145703219e-07            1.8017
     204          41     6.6232198025615e-05            1.8027
     204          42     6.6232198025615e-05             1.823
     204          43     6.6232198025615e-05            1.8039
     205          36     5.8753642580476e-08            1.8172
     205          39     5.8753642580476e-08              1.81
     206          36     1.4688410645119e-08            1.8169
     206          38     1.4688410645119e-08             1.801
     210          41     0.00024330654467448             1.825
     216          44     3.2976227327623e-05            1.8414
     217          40     8.2440568319057e-06            1.8051
     217          43     8.2440568319057e-06            1.8073
     217          45     6.6190058702779e-05            1.8483
     219          47     4.6617856578865e-05            1.8001
     223          45     8.7408481085372e-06            1.8138
     223          47     8.7408481085372e-06            1.8177
     224          47     2.1852120271343e-06             1.842
     225          47     5.4630300678358e-07            1.8357
     225          50     9.9849637160948e-06            1.8067
     225          51     9.9849637160948e-06            1.8288
     229          48     0.00012385856317226            1.8316
     265          45     1.5055920806143e-08            1.8068
     265          46     1.5055920806143e-08            1.8038
     266          45     3.7639802015358e-09            1.8106
     266          51     3.1099234126743e-05            1.8086
     267          45     9.4099505038395e-10            1.8231
     267          46     9.4099505038395e-10            1.8108
     267          47     9.4099505038395e-10            1.8021
     268          44     1.9437021329214e-06            1.8045
     270          46     1.2148138330759e-07            1.8134
     270          48     7.2898239935057e-06            1.8077
     312          45     7.1142513342261e-06            1.8038
     312          47     7.1142513342261e-06            1.8037
     313          44     1.7785628335565e-06            1.8176
     315          44     3.1124849587239e-06             1.811
     317          41     3.1124849587239e-06            1.8006
     317          42     3.1124849587239e-06             1.814
     317          43     3.1124849587239e-06            1.8091
     320          41     0.00010733887311822            1.8072
     323          45     6.7086795698886e-06            1.8215
     324          45     1.6771698924722e-06            1.8182
     324          47     1.6771698924722e-06            1.8406
     324          50     2.6834718279554e-05            1.8002
     325          43      8.553566451608e-05            1.8087
     325          44     4.1929247311804e-07            1.8258
     325          46     4.1929247311804e-07            1.8049
     325          47     4.1929247311804e-07            1.8053
     325          51     6.7086795698886e-06            1.8097
     326          44     1.6771698924722e-06            1.8079
     327          44     4.1929247311804e-07            1.8331
     327          45     4.1929247311804e-07            1.8352
     327          46     4.1929247311804e-07            1.8174
     327          47     4.1929247311804e-07            1.8206
     327          51     5.1752882978328e-06             1.815
     328          45     1.2938220744582e-06            1.8066
     329          44     3.2345551861455e-07            1.8162
     331          45     2.0215969913409e-08            1.8039
     331          46     2.0215969913409e-08            1.8036
     332          44     5.0539924783523e-09            1.8001
     334          45     3.1587452989702e-10            1.8038
     334          48     4.0431939826819e-08            1.8004
     341          41      1.927945128766e-14            1.8195
     343          50     7.6432772804047e-06             1.807
     344          44     3.0124142636969e-16             1.805
     344          45     3.0124142636969e-16            1.8206
     344          46     3.0124142636969e-16            1.8042
     348          44     1.9108193201012e-06            1.8058
     351          45     0.00015574101271428            1.8047
     352          44     3.8935253178571e-05            1.8109
     352          47     3.8935253178571e-05            1.8001
     353          44     9.7338132946427e-06            1.8028
     353          46     9.7338132946427e-06             1.813
     353          48     0.00011692518574322            1.8136
     355          40     7.3078241089512e-06            1.8117
     355          41     7.3078241089512e-06            1.8045
     355          43     7.3078241089512e-06            1.8232
     357          42     4.5673900680945e-07            1.8088
     358          41     1.1418475170236e-07            1.8375
     358          43     1.1418475170236e-07            1.8132
     358          44     4.1877174162327e-05            1.8057
     359          44     2.8546187925591e-08            1.8398
     359          47     2.8546187925591e-08            1.8088
     360          46     5.5832760220489e-05            1.8083
     361          51     0.00035272884155818            1.8001
     363          45     2.2045552597386e-05            1.8084
     364          46     0.00016107984287513            1.8123
     365          47     4.0269960718782e-05             1.812
     366          44     1.0067490179695e-05            1.8124
     366          45     1.0067490179695e-05            1.8148
     366          47     1.0067490179695e-05            1.8088
     367          46     2.5168725449239e-06            1.8174
     367          50     5.8854334959406e-05            1.8029
     368          44     6.2921813623097e-07            1.8446
     368          45     6.2921813623097e-07            1.8385
     368          46     6.2921813623097e-07            1.8234
     368          47     6.2921813623097e-07             1.818
     368          50     1.4713583739851e-05            1.8144
     369          45     3.6783959349629e-06            1.8012
     370          44     6.1761079071786e-05            1.8334
     370          45     6.1761079071786e-05            1.8311
     370          46     6.1761079071786e-05             1.834
     371          44     1.5440269767947e-05            1.8369
     371          45     1.5440269767947e-05            1.8314
     372          40     0.00062864597852275            1.8227
     372          44      4.724040828758e-05             1.803
     374          43     2.9525255179738e-06            1.8002
     375          44     1.4700948174901e-05            1.8221
     376          43     3.6752370437253e-06            1.8113
     399          44     7.4382235274179e-05            1.8008
     401          43     9.9176313698905e-05             1.812
     402          46     2.4794078424726e-05             1.806
     403          49     0.00011777187251745            1.8039
     405          41     9.2977794092724e-05            1.8119
     406          41     2.3244448523181e-05            1.8112
     406          42     2.3244448523181e-05              1.82
     406          43     2.3244448523181e-05            1.8185
     407          44     5.8111121307952e-06             1.822
     407          45     5.8111121307952e-06            1.8132
     407          47     5.8111121307952e-06            1.8229
     409          42     0.00026712725702982            1.8023
     411          40     1.6695453564364e-05            1.8325
     411          42     1.6695453564364e-05            1.8076
     412          41     0.00011686817495054            1.8122
     416          33     0.00047360529444916            1.8089
     417          47      1.460463700701e-05            1.8015
     428          45     6.7817472701501e-09            1.8119
     435          42     4.1392500428162e-13            1.8018
     440          40     4.0422363699377e-16            1.8114
     441          40     1.0105590924844e-16            1.8176
     441          42     1.0105590924844e-16            1.8274
     442          40     2.5263977312111e-17             1.836
     442          41     2.5263977312111e-17            1.8052
     444          36     1.5789985820069e-18            1.8064
     447          40     2.4671852843858e-20            1.8254
     447          42     2.4671852843858e-20            1.8011
     448          40     6.1679632109645e-21            1.8002
     450          42     3.8549770068528e-22            1.8048
     451          37      9.637442517132e-23            1.8093
     451          39      9.637442517132e-23            1.8222
     453          47     6.0234015732075e-24            1.8445
     454          47     1.5058503933019e-24            1.8176
     455          42     3.7646259832547e-25            1.8148
     455          43     3.7646259832547e-25            1.8044
     456          45     9.4115649581367e-26            1.8114
     457          41     2.3528912395342e-26            1.8249
     457          42     2.3528912395342e-26            1.8132
     458          40     5.8822280988355e-27            1.8174
     458          41     5.8822280988355e-27            1.8042
     458          42     5.8822280988355e-27            1.8067
     459          46     1.4705570247089e-27            1.8203
     460          41     3.6763925617722e-28            1.8004
     461          47     9.1909814044304e-29            1.8057
     464          47     1.0887636262278e-09            1.8023
     465          44     2.7219090655695e-10            1.8353
     465          45     2.7219090655695e-10            1.8015
     466          45     6.8047726639239e-11            1.8118
     466          46     6.8047726639239e-11            1.8383
     472          44     1.6613214511533e-14            1.8123
     477          47     3.6082621507285e-08               1.8
     478          45     9.0206553768213e-09            1.8047
     481          41     1.4094774026283e-10            1.8189
     481          42     1.4094774026283e-10            1.8378
     482          36     3.5236935065708e-11            1.8022
     495          44     9.8435886780936e-06            1.8108
     503          45     2.9118928795847e-07            1.8161
     506          46     5.4597991492212e-08            1.8261
     508          44     3.4123744682633e-09            1.8094
     508          47     3.4123744682633e-09            1.8011
     509          42     8.5309361706582e-10            1.8007
     510          44     2.1327340426645e-10            1.8035
     511          44     5.3318351066614e-11            1.8208
     511          45     5.3318351066614e-11            1.8208
     511          46     5.3318351066614e-11            1.8067
     511          47     5.3318351066614e-11            1.8276
     523          44     1.3383948085538e-06            1.8009
     523          47     1.3383948085538e-06            1.8061
     525          41     1.1327493536432e-05             1.809
     527          44     7.0796834602702e-07            1.8461
     527          47     7.0796834602702e-07            1.8033
     527          48     1.1947828604434e-05            1.8029
     528          47     2.9869571511085e-06            1.8003
     529          44     7.4673928777713e-07            1.8198
     529          49     2.9869571511085e-06            1.8065
     532          45      4.667120548607e-08            1.8313
     532          46      4.667120548607e-08            1.8309
     532          47      4.667120548607e-08            1.8212
     535          46     3.7447820374707e-06            1.8042
     536          40     3.8114347698971e-06            1.8004
     540          51     0.00020397195201115             1.833
     541          43     1.5328923897367e-07            1.8233
     541          47     5.0992988002787e-05            1.8086
     542          39     0.00086489752929081            1.8078
     542          42     1.2748247000697e-05             1.809
     544          44      9.599507560266e-06            1.8026
     547          45      7.941765097617e-06            1.8024
     548          44     1.9854412744042e-06            1.8216
     548          46     1.9854412744042e-06            1.8203
     548          47     1.9854412744042e-06            1.8016
     549          43     1.2121600820609e-05            1.8105
     550          41     0.00015340097494492            1.8168
     550          44     0.00017301805626062            1.8172
     550          45     0.00017301805626062            1.8213
     550          47     0.00017301805626062             1.825
     551          46     4.3254514065154e-05             1.817
     551          47     4.3254514065154e-05            1.8307
     552          42     1.0813628516289e-05            1.8163
     556          40     8.4481472783504e-08             1.805
     557          44     2.1120368195876e-08            1.8101
     558          46      5.280092048969e-09            1.8207
     559          46     1.3200230122423e-09            1.8098
     560          42     3.3000575306056e-10            1.8255
     562          43     2.0625359566285e-11            1.8006
     563          47     5.1563398915713e-12            1.8175
     564          42     9.7872499472908e-09            1.8054
     566          46     4.9707958614779e-06            1.8005
     566          47     4.9707958614779e-06            1.8211
     567          44     1.2426989653695e-06            1.8234
     567          47     1.2426989653695e-06            1.8001
     569          38     7.8308514259164e-06            1.8346
     571          37     0.00040908776114464            1.8026
     571          42     1.4582373339273e-05            1.8318
     571          43     1.4582373339273e-05            1.8449
     572          43     0.00038736321206951            1.8158
     573          40     0.00016417789737516            1.8174
     573          48     6.5718343482353e-05            1.8404
     573          49     6.5718343482353e-05             1.844
     573          50     6.5718343482353e-05            1.8389
     574          40     3.4203728619825e-06            1.8074
     575          44     8.5509321549563e-07            1.8115
     576          44     2.1377330387391e-07            1.8243
     576          45     2.1377330387391e-07            1.8166
     576          46     2.1377330387391e-07            1.8079
     576          47     2.1377330387391e-07            1.8173
     578          45     8.5509321549563e-07            1.8032
     578          47     8.5509321549563e-07             1.804
     580          45     1.2272615892936e-06            1.8043
     580          49     1.2030386754318e-05             1.805
     586          40     1.2422291070063e-07            1.8234
     586          42     1.2422291070063e-07            1.8128
     588          45     7.7639319187894e-09            1.8183
     588          46     7.7639319187894e-09            1.8057
     592          44     1.8355672446987e-07            1.8014
     592          45     1.8355672446987e-07            1.8184
     592          46     1.8355672446987e-07            1.8184
     593          46     7.2646296596071e-07            1.8069
     595          42     1.8161574149018e-07             1.802
     595          44     4.5403935372544e-08            1.8002
     596          46     1.1350983843136e-08             1.808
     596          47     1.1350983843136e-08            1.8082
     597          45      2.837745960784e-09            1.8057
     597          46      2.837745960784e-09            1.8446
     597          47      2.837745960784e-09            1.8357
     607          46     3.3409407216634e-05             1.829
     607          47     3.3409407216634e-05            1.8155
     608          44     8.3523518041586e-06            1.8202
     608          46     8.3523518041586e-06            1.8281
     609          41     4.1761759020793e-06            1.8002
     610          46     1.0440439755198e-06            1.8032
     610          47     1.0440439755198e-06            1.8046
     611          45     2.6101099387995e-07            1.8039
     612          44     6.5252748469989e-08            1.8096
     615          41     0.00062637036610909             1.805
     615          45     1.0875459521684e-07             1.808
     616          47     2.7188648804209e-08            1.8172
     617          41     6.7971622010523e-09            1.8122
     618          41     1.6992905502631e-09            1.8042
     619          44     4.2482263756577e-10            1.8019
     619          45     4.2482263756577e-10            1.8012
     620          44     1.0620565939144e-10             1.819
     621          45     2.6551414847861e-11            1.8112
     621          47     2.6551414847861e-11             1.803
     622          44     6.6378537119651e-12            1.8176
     622          47     6.6378537119651e-12            1.8126
     623          45     1.6594634279913e-12            1.8133
     623          46     1.6594634279913e-12            1.8102
     625          40     0.00010262859742422            1.8019
     629          43     1.4140589241968e-05            1.8366
     630          39     4.2421767725905e-05            1.8113
     632          40      3.191654906003e-05            1.8003
     633          40     6.6284012071726e-07            1.8235
     633          45     5.5236676726439e-08            1.8068
     634          40     2.4782473809825e-06            1.8027
     634          43     2.4782473809825e-06            1.8023
     638          45     8.0897522951105e-08            1.8089
     641          45     2.9465252878727e-06            1.8154
     641          47     2.9465252878727e-06            1.8326
     642          45     7.3663132196817e-07             1.802
     642          46     7.3663132196817e-07            1.8039
     642          47     7.3663132196817e-07            1.8128
     643          44     1.8415783049204e-07            1.8023
     643          45     1.8415783049204e-07            1.8256
     643          47     1.8415783049204e-07            1.8178
     644          44     3.0122545252705e-06            1.8059
     644          45     3.0122545252705e-06            1.8187
     644          46     3.0122545252705e-06            1.8096
     646          44      1.882659078294e-07            1.8038
     653          47     6.8945034605494e-10            1.8087
     661          45     1.2624212879424e-13            1.8151
     662          45      3.156053219856e-14            1.8105
     664          44       1.97253326241e-15            1.8138
     664          47       1.97253326241e-15            1.8074
     673          40     9.2651988316316e-06            1.8132
     674          44     5.7907492697697e-07            1.8024
     677          47     5.0528768983114e-06            1.8267
     678          44     1.2632192245779e-06            1.8029
     679          47     5.0528768983114e-06            1.8008
     680          45     1.2632192245779e-06            1.8011
     680          46     1.2632192245779e-06            1.8204
     681          41     1.5158630694934e-05            1.8075
     682          44     7.8951201536116e-08            1.8115
     683          47     1.9737800384029e-08             1.804
     684          43     5.9213401152087e-08            1.8021
     685          46     1.4803350288022e-08            1.8014
     688          44     2.3130234825034e-10            1.8176
     688          47     2.3130234825034e-10            1.8004
     689          45     5.7825587062585e-11             1.804
     691          46     3.6140991914116e-12            1.8079
     692          44     9.0352479785289e-13            1.8033
     693          41     2.2588119946322e-13            1.8173
     693          43     2.2588119946322e-13            1.8137
     694          42     5.6470299865806e-14            1.8001
     709          50     5.0361964052345e-05            1.8019
     711          49     3.7959861475873e-05            1.8053
     711          51     3.7959861475873e-05            1.8045
     712          47      7.869056883179e-07            1.8203
     713          44     1.9672642207947e-07            1.8343
     713          46     1.9672642207947e-07            1.8284
     714          43     4.9181605519868e-08            1.8018
     715          44      1.186245671121e-06            1.8272
     715          47      1.186245671121e-06            1.8151
     718          46     6.9947172294924e-07            1.8062
     719          41     1.7486793073731e-07            1.8149
     719          42     1.7486793073731e-07            1.8394
     719          43     1.7486793073731e-07            1.8239
     720          45     4.3716982684328e-08            1.8292
     720          46     4.3716982684328e-08            1.8121
     721          44     1.0929245671082e-08            1.8356
     721          45     1.0929245671082e-08            1.8067
     722          44     2.7323114177705e-09            1.8006
     723          42     6.8307785444262e-10            1.8036
     724          40     1.7076946361065e-10            1.8193
     724          41     1.7076946361065e-10            1.8172
     724          47     1.1922541765032e-06            1.8053
     725          42     2.9806354412581e-07            1.8121
     725          43     2.9806354412581e-07            1.8197
     727          41     1.8628971507863e-08            1.8194
     727          42     1.8628971507863e-08            1.8059
     738          47     3.0877690679861e-11            1.8072
     739          50     4.1759199820472e-05            1.8086
     740          47     1.9298556674913e-12            1.8039
     742          46     1.2061597921821e-13            1.8019
     743          41     3.0153994804552e-14            1.8052
     745          45     1.8846246752845e-15             1.835
     746          45     4.7115616882113e-16            1.8129
     746          46     4.7115616882113e-16             1.839
     746          47     4.7115616882113e-16            1.8145
     747          44      5.336369655138e-05            1.8289
     761          44     4.5343351423665e-06            1.8006
     766          42     0.00025984998293123            1.8002
     770          42     1.0150389958251e-06            1.8105
     805          36     2.9234024317865e-05            1.8303
     806          39     0.00023387219454292            1.8015
     813          43     3.0546474820202e-06            1.8254
     817          50     9.6350383361545e-06            1.8284
     819          41     0.00017548525136505            1.8004
     823          47     5.7124105262061e-08            1.8019
     829          47     1.3946314761245e-11            1.8052
     835          43     3.4048620022571e-15            1.8036
     836          41     8.5121550056429e-16            1.8113
     837          45     2.1280387514107e-16            1.8019
     838          43      5.594475748934e-08            1.8115
     840          46     3.3250605490792e-18            1.8087
     841          43     2.1853420894274e-10            1.8224
     844          46     3.1869572158264e-10            1.8065
     871          45     4.6864586776367e-08            1.8008
     875          47     7.3225916838074e-10            1.8308
     876          44     1.8306479209518e-10            1.8016
     878          41     1.1441549505949e-11            1.8128
     878          42     1.1441549505949e-11            1.8233
     879          46     2.8603873764873e-12            1.8304
     880          44     7.1509684412181e-13            1.8145
     881          40     1.7877421103045e-13            1.8083
     882          43     1.7877421103045e-13            1.8026
     884          43     5.5866940947017e-15             1.834
     885          47     1.3966735236754e-15            1.8154
     889          36     5.4557559518571e-18            1.8133
     889          37     5.4557559518571e-18            1.8023
     889          38     5.4557559518571e-18            1.8025
     896          42     3.3299291698347e-22            1.8054
     896          43     3.3299291698347e-22            1.8066
     897          40     8.3248229245866e-23            1.8014
     900          40     1.3007535819667e-24            1.8018
     905          42     1.2702671698893e-27            1.8305
     905          43     1.2702671698893e-27             1.801
     906          42     3.1756679247233e-28            1.8125
     907          41     7.9391698118082e-29            1.8208
     907          42     7.9391698118082e-29            1.8105
     907          43     7.9391698118082e-29            1.8127
     910          46      2.005323542638e-14            1.8052
     911          40      8.021294170552e-14            1.8083
     911          43      6.015970627914e-14            1.8015
     911          45      5.013308856595e-15            1.8384
     912          46     1.2533272141488e-15            1.8132
     913          44     3.1333180353719e-16            1.8388
     914          44     7.8332950884297e-17            1.8062
     914          45     7.8332950884297e-17            1.8222
     915          45     1.9583237721074e-17            1.8073
     915          46     1.9583237721074e-17             1.814
     916          40     4.8958094302686e-18            1.8017
     916          41     4.8958094302686e-18            1.8174
     917          42     1.2239523575671e-18            1.8099
     917          43     1.2239523575671e-18            1.8194
     921          46     4.7810638967467e-21            1.8064
     921          47     4.7810638967467e-21            1.8067
     922          45     1.1952659741867e-21            1.8016
     930          44     1.8238311373698e-26            1.8048
     931          47     4.5595778434245e-27            1.8239
     932          43     1.1398944608561e-27            1.8331
     933          44     2.8497361521403e-28            1.8176
     934          39     7.1243403803507e-29            1.8007
     935          37     1.7810850950877e-29            1.8238
     935          39     1.7810850950877e-29            1.8145
     937          39     1.1131781844298e-30            1.8215
     939          37     6.9573636526863e-32            1.8068
     940          34     1.7393409131716e-32            1.8256
     941          36     4.3483522829289e-33              1.86
     943          40     0.00010917849281822            1.8179
     946          44     3.7106347143568e-05            1.8055
     951          36     0.00025296602622965            1.8257
     952          36     7.5867116655242e-05             1.801
     952          44     5.0578077770162e-05            1.8052
     954          45     3.9514123257939e-07             1.832
     954          46     3.9514123257939e-07            1.8179
     954          47     3.9514123257939e-07             1.831
     955          41     9.8785308144847e-08            1.8021
     956          45     2.4696327036212e-08            1.8053
     956          46     2.4696327036212e-08            1.8035
     957          44     6.1740817590529e-09            1.8238
     957          47     6.1740817590529e-09            1.8173
     958          45     1.5435204397632e-09            1.8115
     958          47     1.5435204397632e-09            1.8074
     959          44     3.8588010994081e-10             1.829
     959          46     3.8588010994081e-10            1.8088
     960          42     9.6470027485202e-11            1.8151
     960          43     9.6470027485202e-11            1.8137
     961          44       2.41175068713e-11             1.817
     961          45       2.41175068713e-11             1.829
     961          46       2.41175068713e-11            1.8201
     962          40     6.0293767178251e-12            1.8158
     962          42     6.0293767178251e-12               1.8
     962          43     6.0293767178251e-12            1.8005
     963          37     1.5073441794563e-12            1.8034
     963          39     1.5073441794563e-12            1.8199
     964          40     3.7683604486407e-13            1.8122
     964          43     3.7683604486407e-13              1.83
     965          44     9.4209011216017e-14            1.8169
     965          45     9.4209011216017e-14             1.814
     965          46     9.4209011216017e-14            1.8246
     966          41     2.3552252804004e-14            1.8012
     967          43     2.8250886901887e-07            1.8355
     968          45     1.4720158002503e-15            1.8017
     969          44     3.6800395006257e-16            1.8095
     969          45     3.6800395006257e-16            1.8201
     969          46     3.6800395006257e-16            1.8095
     969          47     3.6800395006257e-16            1.8072
     970          47     3.5299998369269e-09            1.8138
     971          47     8.8249995923173e-10            1.8207
     972          41     2.2062498980793e-10            1.8173
     973          41     5.5156247451983e-11            1.8215
     973          43     5.5156247451983e-11            1.8133
     974          35     1.5531999871285e-07            1.8018
     974          36     1.3789061862996e-11            1.8181
     974          38     1.3789061862996e-11            1.8062
     975          38     8.2279808067762e-08            1.8079
     975          40      3.447265465749e-12            1.8157
     975          42      3.447265465749e-12            1.8065
     975          43      3.447265465749e-12            1.8132
     976          37     8.6181636643724e-13            1.8111
     976          39     8.6181636643724e-13            1.8004
     977          44     2.1545409160931e-13            1.8116
     977          45     2.1545409160931e-13            1.8274
     977          46     2.1545409160931e-13            1.8097
     977          48     1.0533263069749e-08            1.8038
     977          49     1.0534124886116e-08            1.8066
     978          45     2.6333157674373e-09            1.8029
     978          46     2.6333157674373e-09             1.806
     978          47     2.6333157674373e-09            1.8094
     979          45     6.5832894185933e-10            1.8322
     979          47     6.5832894185933e-10            1.8062
     983          40     2.7138499202383e-09            1.8032
     983          42     2.7138499202383e-09            1.8003
     985          45     2.0353874401787e-09            1.8048
     987          42     2.7409787388428e-07            1.8125
     989          44     1.7131117117768e-08            1.8074
     989          45     1.7131117117768e-08            1.8276
     990          40     4.2827792794419e-09            1.8031
     992          44     8.6775734957936e-06            1.8138
     996          40     1.3558708587177e-07            1.8011
     998          41     8.4741928669859e-09            1.8137
     999          41     2.1185482167465e-09            1.8517
     999          42     2.1185482167465e-09            1.8085
     999          43     2.1185482167465e-09            1.8239
    1000          40     5.2963705418662e-10            1.8359
    1000          42     5.2963705418662e-10            1.8321
    1000          43     5.2963705418662e-10            1.8039
