#! FIELDS time cyl.z sigma_cyl.z height logweight
#! SET action OPES_METAD_kernels
#! SET biasfactor       8.018157502536054
#! SET epsilon   0.0001050950853490108
#! SET kernel_cutoff       4.280337613515949
#! SET compression_threshold                       1
                     10     0.5978737445362481    0.02337199798014934  0.0003110893132736641     -8.018157502536054
                     11     0.5825530791930347    0.01950414980972357     0.9377016658929136    -0.1879618150380267
                     12     0.5878265252364403    0.01730682575840047      1.235327992719989   -0.03182814257073394
                     13     0.5942510895072619     0.0157404417568443       1.27265521278917   -0.09692688957725902
                     14     0.6012106544408584    0.01455390300178479      1.230628939267011    -0.2088810581104856
                     15      0.593710086969935     0.0136105175167357      1.615681716181846  -0.003665811162948377
                     16     0.6002349564047837    0.01278595924603827      1.575912029902066   -0.09108382849938905
                     17     0.5615841754942528    0.01232353638212298     0.3333547099321696     -1.681302834745304
                     18     0.5316239880269693    0.01241002782437778    0.01723316307264901     -4.636680459344693
                     19     0.5291027846901657    0.01233563437686075     0.0308181460237499     -4.061425062938354
                     20     0.5408230998818477    0.01212811653868613     0.1327559067660662     -2.617982321259761
                     21     0.5814651155492467    0.01183868235608937      3.211071718299546     0.5437114510827435
                     22     0.5225851408015196    0.01162187990892543    0.06211562032946905     -3.420133900795414
                     23     0.5533497352499719    0.01129310374846301     0.7586231999708594    -0.9463234506479367
                     24     0.5498620362037516    0.01093925901931853      1.002656615757938    -0.6992544781691883
                     25     0.5350946049242333    0.01064345228207089     0.5962879920315184     -1.246352261367206
                     26     0.5333452340740084    0.01034611230202164     0.8196525141644148    -0.9565296003337481
                     27     0.5351702416304316    0.01001847261366993      1.270298633561054    -0.5505829671004346
                     28     0.5579058073034346   0.009698078469455562      1.771102952636045    -0.2507353751848054
                     29     0.5226537224042804   0.009626685346295537     0.7824867768746284     -1.075004924251181
                     30     0.5583837880009206   0.009342537159177036       2.31011490077832   -0.02239051104015433
                     31     0.5240717420496344   0.009114941785685745      1.111134086351895    -0.7789694201160531
                     32     0.5317555291001228   0.008920527655543829      1.733787868514425    -0.3556020013080046
                     33     0.5412257248757602   0.008690959077134481      2.138532607242494    -0.1718624396560781
                     34     0.5771230379937808   0.008500501275952008      2.760182345071749    0.06115624526342569
                     35      0.569358845905227   0.008310523010373142       2.89320096492271    0.08562039912641495
                     36     0.5859427821838059   0.008195149593595996      3.611325238093002     0.2933516384883711
                     37     0.5736419344647237   0.008043182026096768      3.675903466083821     0.2923580881079746
                     38     0.5757121945509631   0.007888185469211129      4.254327565853453     0.4190372107775372
                     39     0.6352193166876363   0.008008629727819577     0.0128710276822612     -5.366522368046293
                     40     0.6520719137524624   0.008286412102701849   0.001751022865115867     -7.327203724945709
                     41     0.6959818864905141   0.008752451753206547  0.0008307133825461423     -8.018157502536054
                     51     0.6556235943137807    0.01149198163351492    0.00189971142013434       -6.9186693803039
                     52     0.6619412942743312    0.01138370442702474   0.002277593529975338     -6.746718600905958
                     53     0.6213854348309296    0.01127599120836048     0.2291705981188223      -2.14487842399176
                     54     0.6651435243290891    0.01118137476039486   0.003712574648546894      -6.27604587622656
                     55      0.635059358274694    0.01108773612054156    0.07002568259477336     -3.347319201236144
                     56      0.593992101158217    0.01112782062300974      4.921780267531786     0.9088530083756331
                     57     0.6021743114478659    0.01102675705387232      3.589446188579383     0.5840570694439647
                     58     0.6186616744950215    0.01092600851469157     0.8386451457916324    -0.8790871964383452
                     59     0.5947859714397117    0.01087820680872049      5.268259530654336     0.9541958258997993
                     60     0.5979258715646139    0.01089929067005338      5.962417386710658      1.079908076878748
                     61     0.5586834329570189    0.01085191256451733      2.650794322268765     0.2649350422786445
                     62     0.6165068815886992    0.01074343889007187      1.822651385783033    -0.1196781559488994
                     63     0.5406752953253862    0.01067817477557841      1.806759188166975    -0.1345289803386487
                     64     0.5989296222155858    0.01067940036417007      5.837691270994684       1.03838643990915
                     65     0.5525993653930263    0.01055586485888667      2.274373145032497    0.08412045530832617
                     66     0.5633614197415944    0.01052043248252521      3.310212057779052     0.4560659353647807
                     67     0.5365836339531613    0.01051884203545042      1.872785697920962    -0.1136705057323029
                     68     0.5445638055006063    0.01043578390376822      2.409092251643763     0.1302250429963265
                     69     0.5362476875344084    0.01037044507490342      2.303292781851843    0.07903404944617606
                     70     0.5333280428974403    0.01032985704872232      2.318692498308273    0.08177625833293968
                     71     0.5244082248492861    0.01034551999132022      1.557919778073984    -0.3143606040148552
                     72     0.5142214379784877    0.01037771554423442     0.6452443446014339     -1.192731068749199
                     73     0.5092408606731813    0.01038689297427281     0.4339023814462406     -1.588656612084526
                     74      0.532761478230297     0.0102730589866286      2.871277504727137     0.2900162557210185
                     75     0.5552786123281117    0.01014920594189237      3.239274420955121      0.398479195939872
                     76       0.62139056285084    0.01006679995664602      1.306165961881166    -0.5179266591262114
                     77     0.6010480064212067    0.01001723222336137       5.23531326358545     0.8654678803075747
                     78      0.595754574912621   0.009950444696963224      6.628998944184101      1.094805412583804
                     79     0.5770285298707929   0.009879796793104113      5.399247158918143     0.8824858381474827
                     80     0.6021465101394563   0.009787995898845266      5.818635254580089     0.9479568337505399
                     81     0.5804746189383865   0.009706239407376296       6.63521358525361      1.070894139817182
                     82     0.6519194824526364   0.009659365677761577    0.01804325434063894     -4.841321038291158
                     83     0.6491038278517163    0.00973837247597637    0.03496361136666388      -4.17163906153533
                     84     0.5827946995360396   0.009693245064174625       7.54226529784875      1.197686197324915
                     85     0.5567214671338645    0.00960163408137441      3.173595397295979     0.3225328059681649
                     86     0.5501064605685158   0.009505835961035238      3.151195872190504     0.3054223097021449
                     87     0.5590044427516241   0.009423293426399604      3.802849925293096     0.4846697793629374
                     88     0.6396438952539234   0.009388061725658328      0.160554381981576     -2.683949347072824
                     89     0.6443497599229056    0.00942217510130931    0.09906320302987716     -3.163196888432394
                     90     0.6117529941030719   0.009337432663480463      3.334448839922648     0.3440731046073761
                     91     0.5794327316189087    0.00927066645246234      6.894552279703633      1.063321210809794
                     92     0.5848639737144916   0.009213622087369795      8.276877721931683      1.239883226448756
                     93     0.6210461280119901   0.009148864114855829      1.527904909297047    -0.4567384469362494
                     94     0.6135544988872228     0.0090953403046813       3.01863973316688     0.2183029036467357
                     95     0.5670580666302616   0.009015738273369205      4.767660936051167      0.666561927278684
                     96     0.5483246076248447   0.008940669322543511      3.346875181266834     0.3043719487533001
                     97     0.5525927905442076   0.008876160637678557      4.016605165653666     0.4795405278462153
                     98      0.613725034970706   0.008816276204205957      3.092919719346135     0.2114494848324255
                     99     0.6179539581966704   0.008746699942786609      2.534787863077625   0.004520795435316149
                    100     0.5695023302332145   0.008676865764756946      5.524009843588504     0.7754987592309533
                    101     0.5856669646177042    0.00861732647560361      7.437785496582658      1.066082404418819
                    102     0.5799250206745339   0.008551960407554069       7.06931016937637       1.00765781299375
                    103     0.5900197391881363   0.008492445769384084      7.921570496597851      1.114500881781672
                    104     0.5710950939098152   0.008421516026511618      5.671410460168353     0.7719620731760939
                    105     0.5956761168047064   0.008355814360880988      7.176642864857462     0.9995236985921406
                    106     0.5943337927014687   0.008304249388052569      7.820951841927561      1.079307989582058
                    107     0.5230596437690629   0.008276423790041936       1.13667773848412    -0.8527449258731423
                    108     0.5518038324130128   0.008223023934804414      3.361987413853377     0.2252046732926283
                    109     0.5547310795299696   0.008167652931784845      3.805279579380802     0.3423054194666116
                    110     0.5770864056933211   0.008124650323651438      7.104517606243027     0.9613679197383183
                    111     0.5475362843017852   0.008066004925476168      3.214266106897334     0.1609917324206571
                    112      0.483058288644616   0.008060589942842093   0.004127202743094244     -6.497434290392076
                    113     0.5726597184459634   0.008042271648867179      6.764628018175801     0.9021532258215271
                    114      0.559538762007223   0.007983061693575077      4.793080666537302     0.5502297241241789
                    115     0.5729060263520243   0.007925994435508158      7.174310248592741     0.9463887823997491
                    116     0.5328401541263763   0.007878885472548688      2.064097541609424     -0.305386073329984
                    117      0.594478742711106   0.007836107975909501      8.191541804866546      1.067578779427817
                    118     0.5829840710587524   0.007790941037323661      9.270590318794952      1.185543076643797
                    119     0.5881593057177446   0.007758612707261347      9.702792071614834      1.226951595163627
                    120      0.597257678410906   0.007708320693946639      8.060879626357686      1.035057405635327
                    121     0.5419829417128157   0.007669070312998771      2.920762136528722    0.01477435035856742
                    122     0.5512910134448172   0.007620939137895286      4.025390322803652     0.3292558545885935
                    123      0.559394290064414   0.007568245409019173      4.883451791210368     0.5155479277692141
                    124     0.6010954822570267   0.007517110089629117      6.904153559384372       0.85503932839498
                    125     0.6208198602129551   0.007571652094088927      1.686496184636536    -0.5472012355949792
                    126     0.5877711865544994   0.007537891649637174      10.31609536329454      1.259382218305916
                    127     0.5782103785397945   0.007492397924855258      8.926863210766914      1.108688330724703
                    128     0.5647866384212152   0.007444827932710572      5.484968619168662     0.6152652918419037
                    129     0.6163414707023902   0.007410309278215382      2.386894484540354    -0.2214003161839933
                    130     0.5540597711244311    0.00736988595241569      4.591546330168374     0.4273534552155693
                    131     0.6627952956414034   0.007403023991999875   0.009540133486570058     -5.744624871749984
                    132     0.6229235704094842   0.007435492516054939      1.588943515146486    -0.6249314746055862
                    133     0.6416869822950009   0.007420336373900606     0.1239323547709757     -3.178060633446631
                    134     0.5985945078286417   0.007385285181219854       8.59701339367852      1.056638759918631
                    135     0.6198659925550061   0.007356432632485298      2.222535362049981    -0.3000419169599313
                    136     0.5487941784202564   0.007323359741350229      4.366585501540092      0.370784922927999
                    137     0.5852171864693707   0.007295924475168405      11.22294787346374      1.311010865848307
                    138     0.5994328752932043   0.007255585051591197      8.666059108953858      1.046920033587386
                    139     0.5779760239164142   0.007215186203703587       9.79873960059577      1.164176130236018
                    140     0.6053943403376536   0.007173545182817719      6.197108200169589     0.7002171082892131
                    141     0.5787106018928974    0.00713525575267753      9.468800645622931       1.11878471176143
                    142     0.5567416308870641    0.00710270810915728      4.763208118239391     0.4271319160561806
                    143     0.6423065230148461   0.007083657086286949     0.1084016408791906     -3.358387375609193
                    144     0.6379711501363148   0.007089100457728929     0.2271210935989447     -2.617979128791676
                    145     0.6301036642379692    0.00709929000131117     0.7451038982134757     -1.428502465142549
                    146     0.5715485007118879   0.007063807108798065      7.788605419919503     0.9133803439858607
                    147     0.6133917624223963   0.007030765092550949      3.528441161414255     0.1168860737537758
                    148     0.6671678243590646   0.007019149442601985   0.005868353048969511     -6.283804841446112
                    149     0.6732289519143388   0.007040433202986776   0.003378392231756175     -6.832951285677782
                    150     0.5605725905727885   0.007025140007711703      5.892740968846803     0.6289507593610291
                    151     0.6092955359488315   0.006991546301200491      5.115787328345083       0.48276742618202
                    152     0.5649947645263804   0.006959957170590557      6.862925020858547     0.7720414246800912
                    153     0.5811760968112654   0.006931527834872378      11.64073842752778      1.296325500040225
                    154     0.5781992082660894   0.006911350627551342      11.26894900453068      1.260950511463017
                    155      0.617290472450716   0.006885356699421332      2.982187288983546   -0.07221167483316596
                    156      0.560651638441807   0.006862641000550365      6.429580069027194     0.6927359464497688
                    157     0.5686832671276805   0.006832732581472236      8.368517484562828     0.9519357902678565
                    158     0.5629039475664035   0.006815576236599049      7.291227945367853     0.8116169552697301
                    159     0.6478891143776164   0.006818220907084829    0.06996589804524428     -3.834414387397719
                    160     0.6463996894305604   0.006809333674888325    0.08942565222677717     -3.590319064761681
                    161     0.6290829839219816   0.006795080633845083     0.9494579331458157      -1.22993077448893
                    162     0.5543846416555391   0.006771111457480986       5.78889072558092     0.5743403013402255
                    163     0.5797758282177377   0.006744093712776611      11.28824604125323      1.238163492614137
                    164     0.6130206506895437   0.006715267879150758      3.790945523727386     0.1427335536290889
                    165     0.6430538853499943   0.006701624339219845     0.1363213506128458     -3.184656007319707
                    166     0.6856115267219662    0.00672098897963897   0.001281074148822766     -7.849086695637743
                    171      0.682828640998645   0.007143152009611275   0.001509709236835439     -7.623949702954906
                    173     0.6968829738193847   0.007182820081611698   0.001204967923635891     -7.843875891546944
                    175     0.6973714987667083    0.00716521724363197   0.001361930300754659     -7.723879500553688
                    176     0.6914554933102908   0.007151455115401043    0.00161830190897709     -7.553327669916898
                    181     0.6631149214158167   0.007108283063663635    0.01147173733789838     -5.600873793303587
                    188     0.6905741381604527   0.007111626916551126    0.00187408374052237     -7.412170006924285
                    189      0.692785508144778   0.007093290191007882   0.002129597877573745     -7.286938448000341
                    190     0.6758908853812717   0.007084399181118527   0.002786893003962136     -7.019198489060559
                    191      0.694424396139989   0.007066556676117008   0.002373421867679937     -7.182314845673193
                    192     0.6963699259357887   0.007054937351315556   0.002550925078200312      -7.11183713934625
                    193     0.6776123180273177    0.00703858811246242   0.002865369418106617     -6.997916032267661
                    195     0.6785639185228911   0.007011013959365057   0.003127150281585606     -6.914416441759887
                    196     0.6745254989066605   0.006996960659199826   0.004199646727846318     -6.621544641161106
                    197     0.6980558601433744   0.006983762054819164   0.002756865262201825     -7.044338906121619
                    198      0.691481484474437   0.006968953316713726   0.003448470397533938     -6.822625100296701
                    199      0.681312342888361   0.006957284403121308    0.00380651241665078     -6.725518293756293
                    200      0.677541217664178   0.006945409774971194   0.004622291721662952     -6.533049310623243
                    202     0.6776459258815359   0.006916675412603439   0.005137816797347418     -6.431457449600159
                    210     0.6641384825807313   0.006832607662706981    0.01117886342089601     -5.666289716840613
                    211     0.6493571120999215   0.006829529393831658    0.07771358393997563     -3.727735077741208
                    212     0.6665089480905526   0.006819668677599715    0.01048974836756856     -5.731811589759598
                    213     0.6691241603826792   0.006814185558718328   0.009396745510566391      -5.84265095582325
                    215     0.6912403864126961    0.00678989416115911   0.004192985728670119     -6.653172495153798
                    217     0.6974455126671488    0.00677175300001723   0.003905254565129034     -6.726937953125686
                    218     0.6700869960587665   0.006763072537523003   0.009981492962732231     -5.789810934941794
                    219     0.6860811418796935   0.006758391458236812   0.005335376224811565     -6.416876599561984
                    225     0.6710877516355875   0.006725397591226376     0.0113143799957953     -5.670055385914917
                    226        0.6458659001178   0.006725089371056366     0.1238831971901921     -3.276836535403155
                    227     0.6362807565999935   0.006738468424505687     0.3865056832597742     -2.137041678994307
                    228     0.5991529472150949    0.00679358731691722      8.747562296538272     0.9904885577451129
                    229      0.540409382064337   0.006833270844787818      2.758186365314122     -0.157888832249453
                    230     0.5777904755100578   0.006875147065932923       11.3898698475669      1.266371750485285
                    231      0.650356600919376   0.006896294741283847    0.09370315266515876     -3.530904805314329
                    232     0.6504588446131168   0.006883690377805536      0.105439144434346      -3.41473205697842
                    233     0.6581921489840785   0.006892723211360744    0.04522797076085748     -4.259838948064899
                    234     0.5592602383044465    0.00690261170938086      7.366291693176019     0.8345486310369918
                    235     0.5519337257529289   0.006903910286332027      6.173585255415749     0.6581020723417538
                    236     0.6074415080488613   0.006895219355791769      6.226317250058858     0.6653477161504742
                    237     0.6364093638018171   0.006882030511476549     0.4263440483429117     -2.017860527301228
                    238     0.6518112738803539   0.006867537682590179     0.1145220667858021     -3.334447760211342
                    239     0.6634742706985675   0.006859149802461186     0.0289455051870271     -4.711022484441214
                    252     0.6980898352780835    0.00695170691745264   0.004844551619820982     -6.485178988532112
