#! FIELDS time cosphi sigma_cosphi height logweight
#! SET action OPES_METAD_kernels
#! SET biasfactor       8.018157502536054
#! SET epsilon   0.0001050950853490108
#! SET kernel_cutoff       4.280337613515949
#! SET compression_threshold                       1
                     10    -0.4346657626260783     0.1277989900798733  0.0003110893132736641     -8.018157502536054
                     11    -0.2294000120985595     0.1114955146984056      0.350037893039888     -1.128915137390347
                     12    -0.4581960517906877     0.1072362945385669     0.2835528114409742     -1.378507765658982
                     13    -0.2912230917108894    0.09653133964076004      1.348515068534305    0.07568612053533892
                     14     0.1463672887210357     0.0990049141441107  0.0008145778287798937     -7.310856729738144
                     15    -0.4992000021012769      0.092832305913628     0.7547330510504799    -0.5437820997732061
                     16    -0.1112500742714065    0.08718020664908996     0.6813241481229571    -0.7089254164964661
                     17    -0.4395879847784061     0.0826937276642378      1.857153903929215     0.2410032753339575
                     18    -0.2437070539598459    0.07934161274631768      1.795693325540653     0.1659683070225633
                     19    -0.4531614767051494    0.07586996275870933      2.254609655091226     0.3488120784783968
                     20    -0.3444704265167806    0.07260912189796187      2.540488745351445     0.4242614058347769
                     21    -0.3073085494742739    0.06972449577954912        3.0216701227155      0.557175765191761
                     22    -0.2987120219574801    0.06765942292572932      3.498316464824537     0.6735828409769707
                     23    -0.4455062301563225    0.06654877543342001      2.397335280238579     0.2791073285551283
                     24      0.254750590986358    0.06689847276343251   0.000955229404788956     -7.543568529696873
                     25    0.08506078134971212    0.06660158355621833    0.03478795064077145     -3.952941479759974
                     26     0.3898857017155324    0.06681969562631537   0.000714822687858605     -7.834663789274327
                     27    -0.2744901293233178    0.06625895421190109      4.793220411427196     0.9675874828488682
                     28    -0.4517582179598304    0.06524375910983435      3.314771810524118     0.5833335456025228
                     29    -0.4872587259416622    0.06406390184282186      3.275294994982668     0.5531033553219196
                     30     0.2410415646726593    0.06398039076838874   0.003405470882764961     -6.316981051244209
                     31    -0.4763842458746639    0.06293055607731771      4.212394119614125     0.7868773584645339
                     32    0.09806749538363652    0.06278433720017643    0.03705125590426797     -3.948933031567585
                     33    -0.4970116636549987    0.06153618616152888      4.424633411146226     0.8136271887064838
                     34    -0.3542154260780871    0.06032474530135399      4.527603746119046     0.8167495785359676
                     35    -0.2381483487511502    0.05889417948311799      3.513742620513475     0.5392383724857563
                     36    -0.4144760957694087     0.0576535150688474       5.15035281927731      0.900330802325613
                     37    -0.1691666675628902    0.05660428073033454      1.695680871441596    -0.2290166681624978
                     38     0.2855586391659966    0.05614064127412783   0.002920940254339555     -6.601175352018823
                     39    -0.4318727275242189    0.05530094031874796      5.510896454134633     0.9263315820903578
                     40    -0.3115241433382947    0.05463100758997133      4.777755840489511     0.7713869369231421
                     41   -0.01086379603934196    0.05444504463159903     0.1020379093253134     -3.078404673171395
                     42    0.04751228104438698    0.05436479619358017    0.05513833437916947      -3.69537890140829
                     43   -0.08228560805431318    0.05396868885809906     0.5178040649278881     -1.462939954910597
                     44    0.08834399364272838    0.05370280306247506    0.05752700549940822     -3.665221217897364
                     45   -0.03695762545131376    0.05333478356317717     0.3481347487917802     -1.871762583006927
                     46    0.07498192093987183    0.05295389164015738    0.09450144856291318     -3.182904186066577
                     47    -0.3248287869184694    0.05224570180699241      6.164731869153805     0.9816166326015724
                     48    -0.4976724375729908    0.05158215546346119      4.990795877893524     0.7575855439078011
                     49    -0.3305288149415503    0.05125931116532563      6.476925820663282      1.011957634165102
                     50   -0.03370811757938497    0.05097588950834629     0.3496598054538109     -1.912627451427789
                     51     -0.497625059426841    0.05031834231311711      5.345403272241692     0.8014210230485915
                     52    -0.4853767011228247    0.05009653909522788      6.335685780938673     0.9669643503660871
                     54    -0.2541332266908086    0.04941933120302092      4.866341416428005     0.6894984370888898
                     55     0.2948879699293959    0.04944763777214661    0.00332757697469626     -6.597782224201322
                     56    -0.3882701791966426    0.04892938841805785      6.402178883206297     0.9538309529988754
                     57    -0.4296387322562196    0.04835020175819722      5.901469245772425     0.8604861033460449
                     58    -0.4594027992402215    0.04777501734296638      6.115217845583383     0.8840976104025435
                     59    -0.1469086491068825    0.04742436082543833      0.937497495815563    -0.9985907901584316
                     60    -0.1885939423951728    0.04695761264402035      1.884755357550373    -0.3101422711930776
                     61    -0.1918646570686026    0.04650406002433338      2.151550607710989    -0.1874572198180881
                     62   -0.01881737830716446    0.04624772556881405      0.206836371451935     -2.535000624557148
                     63    -0.4175797160090163     0.0457443912383062      6.229975319760849     0.8592559235679066
                     64    -0.4592394717034033    0.04532616160581688      8.208048745647197      1.125813975858769
                     65    -0.3501706016743085    0.04479356044102655      6.382279234816676     0.8624040332988676
                     66    -0.1994040032762801    0.04450180387147917      2.689815663476927  -0.008183246564978999
                     67     0.1275436062011244    0.04445584469899141    0.04142222120140165     -4.182626991574613
                     68    -0.4719548190133986    0.04418774068964067      7.920326962417466      1.064694242726592
                     69    -0.3118386122686432    0.04385531967000172       5.93043923638718     0.7678086710785922
                     70    0.01731814957016953    0.04383705394104362     0.1450156574627186     -2.943619755788461
                     71    -0.2390210969434321    0.04356302622035899      4.189764265752056     0.4136676032754737
                     72    -0.2149120819678492    0.04329167195509111      3.338903399456561     0.1804170764414225
                     73    -0.2774170240585099    0.04294789875268726      5.600031970430795     0.6895743948293718
                     74    -0.0611627340515486    0.04283630796081415     0.3182070724734321      -2.18085251304058
                     75    -0.1223471530955081    0.04264440917223396       1.12570112680455     -0.921883391557376
                     76    -0.1653615944178399     0.0425252731986265      2.510011472346172    -0.1227997495562345
                     77      0.302402202130135    0.04245892124682447   0.003432579272268873     -6.719091912390648
                     78    -0.1636951459277898    0.04221884706543885      2.692616343994883   -0.05980556225310892
                     79    -0.2691598523797272    0.04185180380582829      6.137201471192856     0.7553181134747055
                     80    0.06080749605502905    0.04174946928768668     0.1005466705674175     -3.358632172006998
                     81    -0.4010921791798198    0.04159324354220525      7.479050916280359     0.9468580042809996
                     82     0.1021640842358342     0.0416012840024451    0.07266246195511962     -3.686984973334465
                     83  -0.006226625398950136    0.04161981560329764      0.225992359543719     -2.551863333167852
                     84    -0.1319244869920626    0.04153569306216999      1.852445341122446    -0.4501259323723169
                     85    -0.1355072849730327    0.04142714291875264      2.092406743159251    -0.3309343887708796
                     86    0.02019875692139045    0.04128170094949329     0.1959797249603159     -2.702510379716637
                     87     -0.189202231944066    0.04108929884041427      3.842681149625444     0.2687324217319539
                     88    -0.3892221369710096    0.04086858562525236      7.111568111216733     0.8788988238716581
                     89    -0.1092950452777062    0.04069564419691925      1.569299751825241    -0.6364350695790488
                     90    0.03310299817902257    0.04068103930270252     0.1954443936338084     -2.719902888484814
                     91    -0.1096289262973762    0.04061488330179882      1.796541695349458    -0.5031875162959418
                     92   -0.04631037999793963    0.04051765318597222     0.5833180886489095     -1.630470510570401
                     93    -0.4477537879515622    0.04037489252168702      8.585640408310953      1.055113571266786
                     94     0.1789304685617418    0.04066812827492786    0.01869339067456464     -5.067326196883529
                     96    -0.2766819944279429    0.04061758310586485       6.70789901890347     0.8143012082666408
                     97    -0.4545037760025731    0.04061096911184497      9.436068402615845       1.15539197988565
                     98    0.09113484946821637    0.04062642488087455      0.117558827210303     -3.229583335580854
                     99    -0.4323091072718134    0.04058421595254205      9.980120096437235      1.210788709306951
                    100    -0.3406894272856927    0.04051051190171014      7.319873006333844      0.898968836493764
                    101     0.2469273176832519    0.04058749953206606   0.005340984613214124      -6.32207076864031
                    102    -0.4733709604077092    0.04048498932905468      9.096185516610864       1.11560078717579
                    103    -0.1712352836254513    0.04045726000579675      3.550347948995292     0.1741060848388232
                    104    -0.0569549387370476    0.04046299681341176     0.7348633718412061     -1.400868424187013
                    105    -0.1176572447694522    0.04035221734613771      2.191292681997895    -0.3110476545655464
                    106   0.007101925913092277    0.04033957891977086     0.3279248018646665     -2.210823501329685
                    107     0.3357105973658167    0.04039910518228185   0.003117718673943861     -6.865031739124531
                    108    -0.1307705253598039    0.04029210278744084      2.712898762811937   -0.09901242949672438
                    109    0.06348177044083675    0.04029288833214984     0.1752469514909694     -2.838569799255144
                    110   -0.01940246704180126    0.04031313470707736     0.5012375674902191     -1.787183400607777
                    111     0.1335659173190014    0.04031928816835884    0.06955670593752347     -3.761968613294991
                    112     0.2793593481616794    0.04035366586783972   0.005552204430578355     -6.289063629084016
