#Using WEST data from '/home/dray@iit.local/enhanced_sampling_path_sampling/static_bias/ala2/cosphi/westpa_mab_new_2/west.h5'
# successful (recycled) segments
# column 0:    iteration
# column 1:    seg_id
# column 2:    weight
# column>2:    final progress coordinate value
      20          30       0.025411723572531            1.4979
      21          36     5.4253472222222e-05            1.4809
      21          37     5.4253472222222e-05            1.4459
      21          38     5.4253472222222e-05            1.4626
      21          39     5.4253472222222e-05            1.4283
      22          18        0.03070369767554            1.4946
      30          33       0.014736982447139            1.4194
      32          28      0.0067595796121037             1.485
      32          29      0.0067595796121037            1.4962
      32          30      0.0067595796121037            1.4725
      33          20      0.0016898949030259            1.4979
      33          21      0.0016898949030259            1.4527
      33          22      0.0016898949030259            1.4769
      33          23      0.0016898949030259            1.4868
      44           3          0.018214543696            1.4629
      54          20      0.0071942165378688            1.4995
      54          21      0.0071942165378688            1.4959
      54          22      0.0071942165378688            1.4999
      54          23      0.0071942165378688            1.4977
      77          29     0.00047687063957583            1.4999
     105          43       0.015591096746069            1.4715
     106          24      0.0038977741865172            1.4747
     106          25      0.0038977741865172            1.4625
     106          26      0.0038977741865172            1.4577
     106          27      0.0038977741865172            1.4963
     116          33     0.00021521311841196            1.4861
     116          35     0.00021521311841196            1.4546
     122          34     8.2060467910947e-05            1.4857
     122          35     8.2060467910947e-05            1.4561
     131          16      0.0013629509103175            1.4707
     131          17      0.0013629509103175            1.4845
     131          18      0.0013629509103175            1.4956
     131          19      0.0013629509103175            1.4952
     132          17       0.029961021523269             1.483
     150          20      0.0011020915159242            1.4939
     150          21      0.0011020915159242            1.4978
     150          23      0.0011020915159242            1.4914
     151          24     0.00027552287898104            1.4917
     151          25     0.00027552287898104            1.4933
     151          26     0.00027552287898104             1.497
     151          27     0.00027552287898104             1.482
     153          32      0.0012383409376233            1.4814
     156          20      0.0035731220138128              1.46
     170           0        0.06987275835128            1.4766
     174          34      0.0052780413886989             1.498
     176           3        0.05067982085245               1.5
     199          44      0.0040889524942394            1.4131
     209          14       0.012018818447838            1.4962
     222           3       0.024579356895894             1.496
     224          26       0.027568967370168            1.4982
     227          30       0.024340924916467            1.4906
     243          32     0.00087570187960574            1.4425
     243          33     0.00087570187960574            1.4996
     243          34     0.00087570187960574            1.4998
     243          35     0.00087570187960574            1.4545
     244          18      0.0093448391474419            1.4334
     245          24      0.0023362097868605            1.4728
     245          25      0.0023362097868605            1.4721
     245          26      0.0023362097868605            1.4725
     245          27      0.0023362097868605            1.4496
     249           8       0.034463065932188            1.4887
     268          38     0.00060077705856722             1.478
     325           0       0.048519360483017            1.4057
     331          28     0.00067869253863738            1.4809
     331          29     0.00067869253863738            1.4593
     331          30     0.00067869253863738            1.4606
     331          31     0.00067869253863738            1.4913
     338          19        0.01679226138643            1.4999
     363          26       0.012982512277609            1.4203
     363          27       0.012982512277609            1.4956
     364          22       0.012982512277609            1.4638
     364          24      0.0032456280694023            1.4974
     364          25      0.0032456280694023            1.4955
     364          26      0.0032456280694023            1.4959
     364          27      0.0032456280694023            1.4687
     366          14      0.0095598928415526             1.486
     369           0       0.053709094002366            1.4924
     381          17      0.0090885812611479            1.4738
     398          20      0.0075967559889911             1.496
     398          21      0.0075967559889911            1.4619
     398          22      0.0075967559889911             1.489
     398          23      0.0075967559889911            1.4403
     398          24      0.0075967559889911            1.4965
     398          25      0.0075967559889911            1.4715
     398          26      0.0075967559889911            1.4714
     398          27      0.0075967559889911             1.492
     402          28       0.012114554329651            1.4987
     402          36      0.0094270154703338            1.4858
     402          37      0.0094270154703338            1.4932
     402          38      0.0094270154703338            1.4998
     402          39      0.0094270154703338            1.4608
     419           1      0.0057279016826555            1.4984
     419           9       0.041169489346471            1.4856
     426          11        0.06599531302838            1.4586
     426          17        0.03049341274664            1.4464
     427          20       0.013219090053975            1.4639
     427          21       0.013219090053975            1.4686
     427          22       0.013219090053975            1.4314
     427          23       0.013219090053975            1.4176
     430           3       0.045129944984805            1.4357
     441           0       0.074787416820658            1.4998
     448          40      0.0015839620544902            1.4719
     449          24       0.008971008005941            1.4313
     449          25       0.008971008005941            1.4935
     449          26       0.008971008005941            1.4723
     449          27       0.008971008005941            1.4853
     470           4       0.036319878223687             1.499
     475          28      0.0001669115120215            1.4574
     475          29      0.0001669115120215            1.4394
     475          30      0.0001669115120215            1.4391
     475          31      0.0001669115120215            1.4947
     478           3       0.022549318571143            1.4998
     483          41      0.0057110707843344             1.491
     484          11       0.032170423897294            1.4999
     492          23       0.012704588061239            1.4411
     494          24      0.0075344581861261            1.4569
     494          25      0.0075344581861261            1.4971
     494          26      0.0075344581861261            1.4245
     494          27      0.0075344581861261            1.4999
     509          22       0.011069236447411            1.4486
     510          20      0.0055346182237055            1.4788
     510          24      0.0027673091118528            1.4965
     510          25      0.0027673091118528            1.4999
     510          26      0.0027673091118528            1.4867
     510          27      0.0027673091118528            1.4961
     510          28      0.0027673091118528            1.4955
     510          29      0.0027673091118528            1.4991
     510          30      0.0027673091118528            1.4624
     510          31      0.0027673091118528            1.4818
     511          20      0.0013836545559264            1.4637
     511          21      0.0013836545559264            1.4668
     511          22      0.0013836545559264            1.4583
     511          23      0.0013836545559264            1.4506
     518          36       0.015099487391614            1.4984
     518          37       0.015099487391614            1.4711
     518          38       0.015099487391614            1.4937
     519          20      0.0037748718479036            1.4999
     519          21      0.0037748718479036            1.4659
     519          22      0.0037748718479036            1.4976
     519          23      0.0037748718479036            1.4993
     528           9       0.079446884581412            1.4819
     537          24      0.0084464368651879             1.441
     537          25      0.0084464368651879            1.4599
     537          27      0.0084464368651879            1.4258
     538          20       0.002111609216297            1.4883
     538          21       0.002111609216297            1.4229
     538          22       0.002111609216297            1.4783
     539          24     0.00052790230407425            1.4988
     539          25     0.00052790230407425            1.4897
     539          26     0.00052790230407425            1.4643
     539          27     0.00052790230407425             1.486
     543          16      0.0057902484349204            1.4774
     543          17      0.0057902484349204            1.4966
     543          18      0.0057902484349204            1.4622
     543          19      0.0057902484349204            1.4971
     550          35       0.014883314486838            1.4451
     556           4       0.011386475448346            1.4708
     558           7       0.015574930036549            1.4602
     566          16      0.0027190290983177            1.4983
     566          17      0.0027190290983177            1.4999
     566          19      0.0027190290983177            1.4637
     567          20     0.00067975727457942            1.4753
     567          21     0.00067975727457942             1.489
     567          22     0.00067975727457942            1.4982
     567          23     0.00067975727457942            1.4809
     586           0       0.029698016858241            1.4756
     600          14        0.04361086609895            1.4807
     617           0         0.0386925217488            1.4881
     617          22       0.013845888025723            1.4627
     624          36      0.0056043820282115            1.4935
     624          37      0.0056043820282115            1.4999
     624          38      0.0056043820282115            1.4788
     624          39      0.0056043820282115             1.466
     639           7       0.027256619480383            1.4359
     642          36     0.00025392574798867             1.496
     642          38     0.00025392574798867            1.4748
     642          39     0.00025392574798867               1.5
     643          20     6.3481436997167e-05            1.4735
     643          21     6.3481436997167e-05            1.4647
     643          22     6.3481436997167e-05            1.4728
     644          24     1.5870359249292e-05            1.4994
     644          25     1.5870359249292e-05            1.4516
     644          26     1.5870359249292e-05            1.4507
     644          27     1.5870359249292e-05            1.4983
     651          13       0.037914747627887            1.4981
     651          14       0.037914747627887            1.4062
     654           0       0.010105129909535            1.4001
     656          32       0.009221578356155            1.4846
     656          33       0.009221578356155            1.4021
     656          34       0.009221578356155            1.4403
     679          16      0.0011010462459029            1.4874
     679          17      0.0011010462459029            1.4871
     679          18      0.0011010462459029            1.4051
     679          19      0.0011010462459029            1.4713
     688          24      0.0019804160216186            1.4608
     688          25      0.0019804160216186            1.4341
     689          18      0.0019804160216186             1.452
     689          20     0.00049510400540465            1.4766
     689          21     0.00049510400540465            1.4961
     689          22     0.00049510400540465            1.4821
     689          23     0.00049510400540465            1.4682
     693          35       0.015826895955928            1.4797
     707          10       0.030973083221875            1.4975
     708          16       0.012447857749695            1.4208
     719          20      0.0048843804377236            1.4947
     719          21      0.0048843804377236            1.4929
     719          22      0.0048843804377236            1.4997
     719          23      0.0048843804377236            1.4934
     731          13     0.00073837261431858            1.4906
     743           5       0.054361963572196            1.4602
     745          20      0.0021431876034515            1.4885
     745          21      0.0021431876034515            1.4838
     745          22      0.0021431876034515            1.4876
     745          23      0.0021431876034515            1.4326
     746          29      0.0071301066196186               1.5
     746          30      0.0071301066196186            1.4981
     755           2       0.092913512377035            1.4999
     758          31       0.007184473578476            1.4982
     768          28       0.031245955058794            1.4488
     796           4        0.08747497810436             1.462
     803          32      0.0015403333839271               1.5
     809          16       0.018381606771728             1.414
     811           4       0.027235888472602            1.4354
     822          24      0.0082604043838946            1.4897
     829          20       0.021786136222324            1.4917
     829          21       0.021786136222324            1.4728
     829          22       0.021786136222324            1.4422
     829          23       0.021786136222324            1.4871
     830           7        0.10575183904776            1.4459
     842          28      0.0072907856474199            1.4978
     842          30      0.0072907856474199            1.4917
     844           0       0.073395143615121            1.4526
     845          24       0.003816759833956            1.4325
     845          26       0.003816759833956            1.4885
     846          20     0.00095418995848901            1.4604
     846          21     0.00095418995848901            1.4999
     846          22     0.00095418995848901            1.4995
     846          23     0.00095418995848901            1.4995
     847          20     0.00095418995848901            1.4999
     847          21     0.00095418995848901            1.4845
     847          22     0.00095418995848901            1.4855
     847          23     0.00095418995848901             1.495
     852          36      0.0061394121522058            1.4969
     852          37      0.0061394121522058            1.4959
     852          38      0.0061394121522058            1.4648
     852          39      0.0061394121522058            1.4983
     855          19       0.055608938013877            1.4873
     856          25       0.001023235358701            1.4322
     856          26       0.001023235358701            1.4344
     857          17     0.00051161767935049            1.4902
     857          18     0.00051161767935049            1.4984
     857          20     0.00025580883967524            1.4927
     857          21     0.00025580883967524            1.4783
     857          22     0.00025580883967524            1.4602
     857          23     0.00025580883967524            1.4895
     858          32      0.0050027240998947            1.4534
     858          35      0.0050027240998947            1.4132
     859          18      0.0050027240998947            1.4742
     859          20      0.0012506810249737            1.4724
     859          21      0.0012506810249737            1.4586
     859          22      0.0012506810249737            1.4987
     859          23      0.0012506810249737            1.4601
     863          33       0.015225269694129            1.4609
     863          34       0.015225269694129            1.4455
     863          35       0.015225269694129            1.4527
     864          24      0.0038063174235323            1.4171
     864          25      0.0038063174235323            1.4912
     864          26      0.0038063174235323             1.492
     864          27      0.0038063174235323            1.4896
     867           1       0.037016063248261            1.4981
     878           7       0.032329138945516            1.4407
     878          41     0.00087877261839442               1.5
     885          24      0.0025115620968402            1.4144
     885          26      0.0025115620968402            1.4323
     885          27      0.0025115620968402            1.4892
     886          24     0.00062789052421005            1.4914
     886          25     0.00062789052421005            1.4972
     886          26     0.00062789052421005            1.4998
     886          27     0.00062789052421005            1.4995
     902           0       0.027734704943974            1.4479
     923          41       0.012437243016483            1.4421
     927          30       0.021047649307758               1.5
     938           3       0.054201437397552            1.4394
     955          31        0.02967746922459            1.4006
     966          32       7.81085408937e-05            1.4963
     984          16      0.0089147776446131            1.4826
     984          17      0.0089147776446131               1.5
     984          18      0.0089147776446131            1.4286
     984          19      0.0089147776446131            1.4733
     988          20       0.022025669117305            1.4503
     991           5        0.11008794198564            1.4099
    1000          38      0.0037506501282961            1.4631
